39125
23614
39933
57129
62186
35114
9574
49153
25860
12511
64838
47540
23089
30867
65419
43706
7034
60601
52124
15580
18454
29463
47040
11415
6205
62552
9822
17519
48462
1861
36165
31859
21480
46250
325
62826
8369
45697
23736
14037
50124
56073
36167
3259
54015
53692
24515
8433
54353
43162
22321
22736
60335
23595
2539
42780
4983
22632
58263
20412
23130
9363
30895
8838
9926
19436
14038
27129
49571
40433
51282
52325
38166
46587
1848
10230
25018
10387
41484
9975
49657
51267
20101
28426
20934
48380
33658
36593
46517
64472
36741
14467
6364
25118
37510
39497
61967
59755
27458
25547
28766
15541
19497
58225
41306
19000
4373
56057
39627
11754
65457
57969
57998
9926
43971
7992
17269
59255
54139
32637
53847
60671
11577
49379
19614
5108
832
7396
13915
9023
49583
15669
19171
45582
9071
61569
23857
45655
49718
14831
44560
2498
30765
42767
56006
19645
13836
7525
49324
45810
55791
30208
17950
19779
53543
36787
47336
64732
13528
62133
697
33826
58847
34856
3765
42573
27457
16453
27921
52538
61085
10269
11316
16026
18197
26409
30441
63169
11267
51899
22214
47039
12533
62580
56675
29642
21230
24450
24669
43557
38711
20598
43049
37477
27959
23417
18924
35562
19015
38650
36358
28985
57145
19292
33033
40389
38657
7524
12490
48342
64343
22343
52258
48065
37615
15727
57172
20781
44065
54938
18902
8311
57758
27999
45587
14304
34001
26909
8535
20374
13674
10441
25452
8282
63285
59557
41701
52409
61815
44879
15046
23268
34122
60601
41154
53240
40371
10501
48682
37931
33812
34816
47674
22954
20754
21060
41923
2789
27772
23920
11152
2120
53621
27433
43434
48511
50752
10636
30453
56162
60373
51470
36792
6690
28734
25128
58336
40730
29357
4780
27751
3929
26788
40312
25432
5013
25541
57787
64229
63534
16077
1907
57624
1109
61890
16196
19946
49821
2007
19142
27297
27509
37177
12787
34808
56205
1598
63698
56971
27935
46096
24601
55054
57299
13315
43654
1985
28637
37245
39229
63227
52694
34344
51730
8563
54912
13287
62807
60119
30695
3985
13224
49628
59582
2415
6692
29523
17241
8327
41438
4928
18391
24318
8488
1245
54514
8061
10355
5029
58573
33029
35654
42456
10054
7880
54883
19773
52745
47194
43282
10833
44038
8806
63146
6790
21113
64728
57662
47105
34144
40981
19746
4740
59514
686
18617
23177
39163
841
6984
43688
65315
14991
4730
46365
14888
58826
44775
30025
24772
30753
30464
35885
27975
15611
47851
42176
5533
13651
54772
63144
21144
62248
49375
42109
50746
54427
65173
33778
6866
17229
24537
43711
29927
55076
48583
34992
1112
46389
29650
7866
1575
46966
2785
4587
17363
50924
36529
36938
30772
64557
28340
45902
26498
10196
31367
51088
55766
8621
35409
33383
47276
59628
8894
9228
2357
11530
62850
5685
23259
11530
30789
7195
862
5495
1810
20337
27862
45844
41706
11996
5542
46337
31558
853
15263
2949
6269
1013
37421
40033
22313
24534
43968
27086
92
50611
49434
63792
55695
1421
22984
51527
41109
64376
43101
47309
50414
24775
38591
36057
28594
19326
60435
13740
53107
49273
20958
55183
52441
37973
31179
2036
37102
1805
13563
39849
19941
49080
59738
1433
55426
38475
46405
50421
2445
35198
32241
6484
60975
17614
40549
62071
16847
14052
31390
23345
59039
49347
43539
60083
22824
58213
3458
49295
55771
49390
2734
21775
2903
39381
27982
52419
32700
51760
27502
18991
30894
59790
58578
59081
28493
7419
52545
64583
45370
2249
28868
23461
116
37770
54116
4011
4913
56954
17399
41069
39297
54961
34629
15156
65154
32602
65195
6677
1171
21668
22352
28466
5491
49884
42423
35954
17128
53779
6303
4362
32922
38470
28331
21784
13948
17257
8126
53429
29362
40236
17973
49673
25763
55574
6392
15545
30472
32770
36444
10052
1650
53043
9430
32863
60304
646
62053
53704
38433
40418
57805
42804
26060
40238
22134
39298
2762
40248
30791
22554
43046
56807
55616
40772
65053
3235
29306
14711
15200
17870
38479
46786
2554
45827
9660
5963
46646
45744
22467
6177
50691
63989
46927
29494
15201
42088
44692
14248
61333
31754
21198
23997
48262
55179
63655
3475
28863
31453
64683
22346
7895
49122
46155
43812
11555
38736
34689
32454
29784
26267
8428
46426
46561
29529
38674
33480
6946
4424
38166
16649
18401
39460
18494
41375
47628
57348
8726
38696
49718
10372
2384
33750
49296
16985
5567
39823
37987
13544
27226
58344
17894
48067
43840
60291
65208
58190
12699
50479
57745
61930
50175
19658
24860
26360
52243
29549
24050
26595
53733
45337
48874
61641
18109
41816
62350
39716
13461
58655
4297
44703
22819
54293
4628
28664
11126
64901
30612
36103
44604
32911
39531
64652
9877
47004
58817
25118
33990
50954
54071
51963
45231
20109
24291
34189
62604
60523
20394
39909
25860
47444
32550
40655
41553
34832
30365
35956
25521
57551
38639
41054
28740
13358
22060
17383
32692
8359
18685
31569
50500
22038
63071
30200
61921
20710
17318
5269
22864
61650
27552
39108
46178
43388
24617
27089
4581
31739
32769
9723
51852
3072
11542
41364
23859
26561
59534
8328
41248
41846
43852
63333
42846
20093
41527
57593
25420
21737
53022
4554
63809
54086
16394
23627
39159
12056
10630
21877
35933
54377
43720
12784
41778
57998
63366
13832
9193
59316
4108
53039
46040
20191
47135
23106
18235
3577
34197
57133
44471
23786
21366
42608
3572
10812
13158
4162
62156
45390
53266
58746
2725
4197
44487
61554
34412
15732
36179
54769
1243
61049
34406
17443
4454
22767
64637
54753
40907
27303
540
50026
18035
55286
56322
17759
48907
4016
20246
39816
56705
34635
2798
64783
30477
34938
36191
27510
56502
37083
9353
58135
39747
47818
31264
45968
11828
36817
13987
48706
34870
2181
37884
55753
37355
34297
3869
58431
39909
56818
7520
62700
54043
30643
53150
17734
60213
15040
30656
35550
51535
11969
45195
42129
10069
4858
61703
20190
5336
34746
7849
33386
21077
15367
17077
46653
46901
47343
43277
22979
54868
6505
45173
60167
40923
13576
34613
22675
52996
25575
59946
15766
1611
9895
55674
42874
55659
13629
37806
46862
62063
1492
10276
43609
35353
63897
39640
55345
42152
29449
4067
24798
48715
1894
21105
57623
42762
22293
31857
13122
22681
25915
40753
14254
12709
16952
19600
